1 33053U 08029A   24180.55172913  .00004507  00000-0  20672-3 0  9997
2 33053  25.5816 131.2556 0010333 163.5743 196.5129 15.16909039886306
1 33053U 08029A   24180.55172913  .00004507  00000-0  20672-3 0  9997
2 33053  25.5816 131.2556 0010333 163.5743 196.5129 15.16909039886520
1 33053U 08029A   24181.53846597  .00004784  00000-0  22032-3 0  9991
2 33053  25.5816 124.4782 0010239 175.0578 185.0061 15.16917142886458
1 33053U 08029A   24181.93315901  .00004692  00000-0  21576-3 0  9995
2 33053  25.5816 121.7668 0010222 179.6282 180.4263 15.16920296886519
1 33053U 08029A   24182.13050477  .00004650  00000-0  21368-3 0  9995
2 33053  25.5817 120.4109 0010206 181.9862 178.0635 15.16922245886767
1 33053U 08029A   24182.52519623  .00004494  00000-0  20598-3 0  9991
2 33053  25.5818 117.6997 0010159 186.6355 173.4048 15.16925470886600
1 33053U 08029A   24182.91988678  .00004565  00000-0  20945-3 0  9999
2 33053  25.5819 114.9882 0010145 191.2485 168.7826 15.16929228886667
1 33053U 08029A   24183.18301347  .00004304  00000-0  19661-3 0  9995
2 33053  25.5820 113.1810 0010111 194.3340 165.6910 15.16931005886709
1 33053U 08029A   24183.18301347  .00004304  00000-0  19661-3 0  9995
2 33053  25.5820 113.1810 0010111 194.3340 165.6910 15.16931005886923
1 33053U 08029A   24183.90660970  .00004299  00000-0  19632-3 0  9996
2 33053  25.5822 108.2101 0010059 202.9026 157.1062 15.16937187886810
1 33053U 08029A   24184.16973505  .00004117  00000-0  18735-3 0  9998
2 33053  25.5823 106.4031 0010020 205.8822 154.1214 15.16939062886851
1 33053U 08029A   24184.82754688  .00004197  00000-0  19130-3 0  9998
2 33053  25.5823 101.8843 0009972 213.5217 146.4689 15.16944545887177
1 33053U 08029A   24184.89332784  .00004257  00000-0  19421-3 0  9994
2 33053  25.5823 101.4324 0009960 214.0840 145.9057 15.16945360886967
1 33053U 08029A   24185.88004155  .00003978  00000-0  18047-3 0  9994
2 33053  25.5826  94.6549 0009916 226.4456 133.5258 15.16952472887333
1 33053U 08029A   24185.94582231  .00003968  00000-0  17997-3 0  9999
2 33053  25.5827  94.2031 0009909 227.2468 132.7235 15.16952986887123
