Time                        SOD  RA_poshist Dec_poshist R_poshist   RA_sf   Dec_sf         R_sf  Delta_epoch Delta_R
2024-07-02 23:59:00   86340.940  317.5577 -16.2300    6886.2575  317.5682 -16.2330    6886.2084  0.11      1.262
2024-07-03 00:02:20     140.940  330.2266 -20.2114    6886.8897  330.2376 -20.2138    6886.8591  0.11      1.280
2024-07-03 00:05:40     340.940  343.4721 -23.2412    6887.7327  343.4837 -23.2428    6887.7178  0.11      1.293
2024-07-03 00:09:00     540.940  357.2056 -25.1168    6888.7541  357.2175 -25.1174    6888.7594  0.11      1.301
2024-07-03 00:12:20     740.940   11.2108 -25.6985    6889.9173   11.2228 -25.6980    6889.9442  0.12      1.303
2024-07-03 00:15:40     940.940   25.1906 -24.9412    6891.1749   25.2024 -24.9396    6891.2183  0.12      1.300
2024-07-03 00:19:00    1140.940   38.8550 -22.9064    6892.4639   38.8663 -22.9038    6892.5153  0.12      1.290
2024-07-03 00:22:20    1340.940   52.0051 -19.7458    6893.7007   52.0158 -19.7424    6893.7604  0.12      1.271
2024-07-03 00:25:40    1540.940   64.5719 -15.6680    6894.8098   64.5818 -15.6641    6894.8764  0.12      1.244
2024-07-03 00:29:00    1740.940   76.6057 -10.9046    6895.7236   76.6150 -10.9005    6895.7908  0.13      1.209
2024-07-03 00:32:20    1940.940   88.2415  -5.6881    6896.3729   88.2504  -5.6841    6896.4426  0.13      1.174
2024-07-03 00:35:40    2140.940   99.6628  -0.2437    6896.7179   99.6714  -0.2399    6896.7887  0.13      1.136
2024-07-03 00:39:00    2340.940  111.0742   5.2102    6896.7299  111.0827   5.2136    6896.8082  0.13      1.103
2024-07-03 00:42:20    2540.940  122.6814  10.4551    6896.4252  122.6899  10.4581    6896.5038  0.14      1.073
2024-07-03 00:45:40    2740.940  134.6705  15.2672    6895.8247  134.6791  15.2696    6895.9016  0.14      1.043
2024-07-03 00:49:00    2940.940  147.1822  19.4146    6894.9714  147.1909  19.4164    6895.0474  0.14      1.014
2024-07-03 00:52:20    3140.940  160.2760  22.6655    6893.9267  160.2848  22.6666    6894.0011  0.14      0.995
2024-07-03 00:55:40    3340.940  173.8948  24.8084    6892.7686  173.9037  24.8087    6892.8307  0.15      0.980
2024-07-03 00:59:00    3540.940  187.8510  25.6852    6891.5549  187.8600  25.6846    6891.6054  0.15      0.970
2024-07-03 01:02:20    3740.940  201.8607  25.2253    6890.3605  201.8694  25.2240    6890.3901  0.15      0.966
2024-07-03 01:05:40    3940.940  215.6239  23.4641    6889.2302  215.6324  23.4621    6889.2409  0.15      0.970
2024-07-03 01:09:00    4140.940  228.9147  20.5335    6888.2112  228.9231  20.5310    6888.2030  0.15      0.985
2024-07-03 01:12:20    4340.940  241.6325  16.6315    6887.3524  241.6408  16.6286    6887.3106  0.16      1.015
2024-07-03 01:15:40    4540.940  253.8021  11.9871    6886.6526  253.8104  11.9840    6886.5882  0.16      1.048
2024-07-03 01:19:00    4740.940  265.5420   6.8350    6886.1425  265.5504   6.8317    6886.0533  0.16      1.093
2024-07-03 01:22:20    4940.940  277.0271   1.4043    6885.8271  277.0360   1.4008    6885.7183  0.16      1.145
2024-07-03 01:25:40    5140.940  288.4598  -4.0830    6885.7180  288.4691  -4.0864    6885.5932  0.17      1.199
2024-07-03 01:29:00    5340.940  300.0468  -9.4060    6885.8177  300.0568  -9.4094    6885.6859  0.17      1.256
2024-07-03 01:32:20    5540.940  311.9804 -14.3395    6886.1349  311.9912 -14.3426    6886.0018  0.17      1.316
2024-07-03 01:35:40    5740.940  324.4123 -18.6508    6886.6673  324.4239 -18.6534    6886.5410  0.17      1.372
2024-07-03 01:39:00    5940.940  337.4197 -22.1052    6887.4073  337.4323 -22.1071    6887.2958  0.18      1.424
2024-07-03 01:42:20    6140.940  350.9686 -24.4847    6888.3397  350.9820 -24.4856    6888.2476  0.18      1.468
2024-07-03 01:45:40    6340.940    4.8935 -25.6186    6889.4351    4.9073 -25.6183    6889.3635  0.18      1.502
2024-07-03 01:49:00    6540.940   18.9219 -25.4195    6890.6288   18.9359 -25.4179    6890.5965  0.18      1.528
2024-07-03 01:52:20    6740.940   32.7493 -23.9046    6891.8848   32.7629 -23.9017    6891.8852  0.18      1.544
2024-07-03 01:55:40    6940.940   46.1306 -21.1914    6893.1229   46.1437 -21.1874    6893.1583  0.19      1.550
2024-07-03 01:59:00    7140.940   58.9414 -17.4693    6894.2749   58.9539 -17.4645    6894.3388  0.19      1.542
2024-07-03 02:02:20    7340.940   71.1858 -12.9639    6895.2761   71.1975 -12.9585    6895.3514  0.19      1.521
2024-07-03 02:05:40    7540.940   82.9680  -7.9087    6896.0284   82.9790  -7.9032    6896.1290  0.19      1.477
2024-07-03 02:09:00    7740.940   94.4551  -2.5324    6896.4976   94.4656  -2.5271    6896.6202  0.20      1.423
2024-07-03 02:12:20    7940.940  105.8456   2.9441    6896.6563  105.8557   2.9491    6896.7935  0.20      1.362
2024-07-03 02:15:40    8140.940  117.3471   8.3034    6896.4889  117.3570   8.3077    6896.6410  0.20      1.298
2024-07-03 02:19:00    8340.940  129.1565  13.3243    6896.0151  129.1663  13.3279    6896.1785  0.20      1.233
2024-07-03 02:22:20    8540.940  141.4374  17.7780    6895.2772  141.4471  17.7808    6895.4431  0.21      1.164
2024-07-03 02:25:40    8740.940  154.2879  21.4311    6894.3298  154.2974  21.4329    6894.4886  0.21      1.097
2024-07-03 02:29:00    8940.940  167.7031  24.0600    6893.2280  167.7124  24.0608    6893.3795  0.21      1.035
2024-07-03 02:32:20    9140.940  181.5490  25.4799    6892.0439  181.5579  25.4798    6892.1844  0.21      0.981
2024-07-03 02:35:40    9340.940  195.5742  25.5802    6890.8495  195.5827  25.5793    6890.9698  0.21      0.936
2024-07-03 02:39:00    9540.940  209.4738  24.3515    6889.7124  209.4818  24.3498    6889.7953  0.22      0.901
2024-07-03 02:42:20    9740.940  222.9818  21.8882    6888.6606  222.9893  21.8860    6888.7103  0.22      0.880
2024-07-03 02:45:40    9940.940  235.9426  18.3653    6887.7361  235.9497  18.3626    6887.7534  0.22      0.873
2024-07-03 02:49:00   10140.940  248.3311  14.0024    6886.9675  248.3380  13.9995    6886.9530  0.22      0.881
2024-07-03 02:52:20   10340.940  260.2314   9.0341    6886.3844  260.2384   9.0311    6886.3291  0.23      0.910
2024-07-03 02:55:40   10540.940  271.7992   3.6924    6885.9824  271.8064   3.6893    6885.8967  0.23      0.950
2024-07-03 02:59:00   10740.940  283.2281  -1.7981    6885.7753  283.2359  -1.8011    6885.6670  0.23      1.004
2024-07-03 03:02:20   10940.940  294.7257  -7.2169    6885.7854  294.7342  -7.2197    6885.6498  0.23      1.070
2024-07-03 03:05:40   11140.940  306.4929 -12.3411    6886.0051  306.5022 -12.3437    6885.8524  0.24      1.139
2024-07-03 03:09:00   11340.940  318.7019 -16.9412    6886.4440  318.7121 -16.9432    6886.2784  0.24      1.215
2024-07-03 03:12:20   11540.940  331.4658 -20.7817    6887.0953  331.4771 -20.7832    6886.9250  0.24      1.290
2024-07-03 03:15:40   11740.940  344.8010 -23.6346    6887.9434  344.8133 -23.6352    6887.7792  0.24      1.359
2024-07-03 03:19:00   11940.940  358.5971 -25.3050    6888.9639  358.6101 -25.3046    6888.8154  0.24      1.425
2024-07-03 03:22:20   12140.940   12.6197 -25.6669    6890.1153   12.6332 -25.6653    6889.9931  0.25      1.483
2024-07-03 03:25:40   12340.940   26.5663 -24.6925    6891.3528   26.5800 -24.6897    6891.2574  0.25      1.531
2024-07-03 03:29:00   12540.940   40.1569 -22.4600    6892.5916   40.1703 -22.4561    6892.5410  0.25      1.566
2024-07-03 03:32:20   12740.940   53.2127 -19.1332    6893.7813   53.2257 -19.1283    6893.7688  0.25      1.591
2024-07-03 03:35:40   12940.940   65.6860 -14.9263    6894.8350   65.6985 -14.9208    6894.8639  0.26      1.603
2024-07-03 03:39:00   13140.940   77.6437 -10.0724    6895.6924   77.6557 -10.0665    6895.7549  0.26      1.596
2024-07-03 03:42:20   13340.940   89.2312  -4.8030    6896.2770   89.2428  -4.7970    6896.3825  0.26      1.566
2024-07-03 03:45:40   13540.940  100.6371   0.6582    6896.5729  100.6482   0.6640    6896.7059  0.26      1.518
2024-07-03 03:49:00   13740.940  112.0674   6.0932    6896.5392  112.0782   6.0984    6896.7066  0.27      1.450
2024-07-03 03:52:20   13940.940  123.7260  11.2829    6896.1726  123.7365  11.2873    6896.3896  0.27      1.363
2024-07-03 03:55:40   14140.940  135.7937  16.0020    6895.5518  135.8039  16.0054    6895.7826  0.27      1.274
2024-07-03 03:59:00   14340.940  148.4004  20.0178    6894.6868  148.4102  20.0202    6894.9322  0.27      1.174
2024-07-03 04:02:20   14540.940  161.5886  23.1000    6893.6460  161.5979  23.1013    6893.8982  0.27      1.072
2024-07-03 04:05:40   14740.940  175.2796  25.0433    6892.5007  175.2882  25.0436    6892.7474  0.28      0.970
2024-07-03 04:09:00   14940.940  189.2661  25.7020    6891.3145  189.2739  25.7014    6891.5471  0.28      0.870
2024-07-03 04:12:20   15140.940  203.2550  25.0223    6890.1560  203.2618  25.0212    6890.3596  0.28      0.779
2024-07-03 04:15:40   15340.940  216.9530  23.0571    6889.0712  216.9589  23.0556    6889.2382  0.28      0.702
2024-07-03 04:19:00   15540.940  230.1526  19.9516    6888.0998  230.1578  19.9498    6888.2258  0.29      0.640
2024-07-03 04:22:20   15740.940  242.7753  15.9112    6887.2877  242.7800  15.9093    6887.3546  0.29      0.603
2024-07-03 04:25:40   15940.940  254.8637  11.1672    6886.6353  254.8683  11.1652    6886.6480  0.29      0.588
2024-07-03 04:29:00   16140.940  266.5483   5.9538    6886.1675  266.5528   5.9518    6886.1232  0.29      0.601
2024-07-03 04:32:20   16340.940  278.0102   0.4986    6885.8841  278.0150   0.4966    6885.7932  0.30      0.639
2024-07-03 04:35:40   16540.940  289.4538  -4.9768    6885.7969  289.4591  -4.9788    6885.6690  0.30      0.698
2024-07-03 04:39:00   16740.940  301.0851 -10.2514    6885.9193  301.0912 -10.2533    6885.7600  0.30      0.773
2024-07-03 04:42:20   16940.940  313.0914 -15.0987    6886.2556  313.0985 -15.1004    6886.0725  0.30      0.859
2024-07-03 04:45:40   17140.940  325.6151 -19.2851    6886.8085  325.6231 -19.2864    6886.6078  0.31      0.952
2024-07-03 04:49:00   17340.940  338.7173 -22.5769    6887.5683  338.7265 -22.5776    6887.3584  0.31      1.047
2024-07-03 04:52:20   17540.940  352.3430 -24.7613    6888.5118  352.3532 -24.7612    6888.3053  0.31      1.137
2024-07-03 04:55:40   17740.940    6.3057 -25.6791    6889.6087    6.3168 -25.6781    6889.4151  0.31      1.221
2024-07-03 04:59:00   17940.940   20.3217 -25.2592    6890.8134   20.3333 -25.2572    6890.6397  0.31      1.295
2024-07-03 05:02:20   18140.940   34.0899 -23.5364    6892.0581   34.1017 -23.5333    6891.9168  0.32      1.361
2024-07-03 05:05:40   18340.940   47.3825 -20.6425    6893.2683   47.3943 -20.6385    6893.1744  0.32      1.413
2024-07-03 05:09:00   18540.940   60.0969 -16.7752    6894.3863   60.1084 -16.7703    6894.3357  0.32      1.452
2024-07-03 05:12:20   18740.940   72.2560 -12.1629    6895.3252   72.2673 -12.1575    6895.3258  0.32      1.476
2024-07-03 05:15:40   18940.940   83.9770  -7.0393    6896.0318   83.9880  -7.0336    6896.0795  0.33      1.487
2024-07-03 05:19:00   19140.940   95.4342  -1.6316    6896.4688   95.4450  -1.6257    6896.5472  0.33      1.482
2024-07-03 05:22:20   19340.940  106.8289   3.8407    6896.5855  106.8395   3.8463    6896.6999  0.33      1.451
2024-07-03 05:25:40   19540.940  118.3683   9.1595    6896.3874  118.3788   9.1648    6896.5320  0.33      1.401
2024-07-03 05:29:00   19740.940  130.2457  14.1029    6895.8837  130.2559  14.1074    6896.0614  0.34      1.327
2024-07-03 05:32:20   19940.940  142.6161  18.4407    6895.1212  142.6261  18.4444    6895.3261  0.34      1.243
2024-07-03 05:35:40   20140.940  155.5633  21.9397    6894.1507  155.5730  21.9424    6894.3804  0.34      1.150
2024-07-03 05:39:00   20340.940  169.0623  24.3805    6893.0461  169.0714  24.3823    6893.2880  0.34      1.052
2024-07-03 05:42:20   20540.940  182.9574  25.5880    6891.8744  182.9658  25.5889    6892.1158  0.34      0.954
2024-07-03 05:45:40   20740.940  196.9828  25.4670    6890.7005  196.9904  25.4671    6890.9280  0.35      0.856
2024-07-03 05:49:00   20940.940  210.8337  24.0258    6889.5835  210.8404  24.0254    6889.7814  0.35      0.762
2024-07-03 05:52:20   21140.940  224.2585  21.3743    6888.5543  224.2643  21.3735    6888.7230  0.35      0.682
2024-07-03 05:55:40   21340.940  237.1231  17.6972    6887.6592  237.1282  17.6962    6887.7891  0.35      0.619
2024-07-03 05:59:00   21540.940  249.4228  13.2186    6886.9323  249.4275  13.2174    6887.0065  0.36      0.575
2024-07-03 06:02:20   21740.940  261.2560   8.1733    6886.3748  261.2605   8.1720    6886.3950  0.36      0.559
2024-07-03 06:05:40   21940.940  272.7868   2.7922    6886.0020  272.7913   2.7907    6885.9694  0.36      0.565
2024-07-03 06:09:00   22140.940  284.2127  -2.7013    6885.8317  284.2174  -2.7029    6885.7421  0.36      0.601
2024-07-03 06:12:20   22340.940  295.7412  -8.0867    6885.8673  295.7464  -8.0884    6885.7240  0.37      0.664
2024-07-03 06:15:40   22540.940  307.5704 -13.1403    6886.1067  307.5762 -13.1422    6885.9237  0.37      0.741
2024-07-03 06:19:00   22740.940  319.8650 -17.6312    6886.5557  319.8718 -17.6332    6886.3460  0.37      0.830
2024-07-03 06:22:20   22940.940  332.7249 -21.3242    6887.2259  332.7328 -21.3260    6886.9885  0.37      0.934
2024-07-03 06:25:40   23140.940  346.1472 -23.9943    6888.0744  346.1563 -23.9957    6887.8383  0.37      1.036
2024-07-03 06:29:00   23340.940  359.9995 -25.4555    6889.1002    0.0097 -25.4562    6888.8691  0.38      1.135
2024-07-03 06:32:20   23540.940   14.0311 -25.5963    6890.2592   14.0422 -25.5961    6890.0397  0.38      1.231
2024-07-03 06:35:40   23740.940   27.9365 -24.4068    6891.4874   27.9483 -24.4055    6891.2940  0.38      1.319
2024-07-03 06:39:00   23940.940   41.4481 -21.9810    6892.7240   41.4602 -21.9785    6892.5640  0.38      1.390
2024-07-03 06:42:20   24140.940   54.4081 -18.4935    6893.8915   54.4202 -18.4901    6893.7742  0.39      1.450
2024-07-03 06:45:40   24340.940   66.7895 -14.1639    6894.9196   66.8015 -14.1596    6894.8483  0.39      1.497
2024-07-03 06:49:00   24540.940   78.6750  -9.2258    6895.7372   78.6869  -9.2208    6895.7159  0.39      1.527
2024-07-03 06:52:20   24740.940   90.2191  -3.9097    6896.2910   90.2307  -3.9043    6896.3197  0.39      1.541
2024-07-03 06:55:40   24940.940  101.6147   1.5619    6896.5589  101.6262   1.5675    6896.6212  0.40      1.545
2024-07-03 06:59:00   25140.940  113.0689   6.9712    6896.5147  113.0804   6.9768    6896.6041  0.40      1.536
2024-07-03 07:02:20   25340.940  124.7833  12.0987    6896.1514  124.7949  12.1039    6896.2757  0.40      1.507
2024-07-03 07:05:40   25540.940  136.9323  16.7176    6895.5803  136.9441  16.7223    6895.6653  0.40      1.472
2024-07-03 07:09:00   25740.940  149.6344  20.5947    6894.6946  149.6461  20.5986    6894.8201  0.40      1.409
2024-07-03 07:12:20   25940.940  162.9137  23.5019    6893.6612  162.9254  23.5050    6893.7996  0.41      1.349
2024-07-03 07:15:40   26140.940  176.6698  25.2413    6892.5281  176.6814  25.2434    6892.6693  0.41      1.289
2024-07-03 07:19:00   26340.940  190.6770  25.6804    6891.3611  190.6883  25.6816    6891.4943  0.41      1.233
2024-07-03 07:22:20   26540.940  204.6357  24.7829    6890.2148  204.6465  24.7832    6890.3344  0.41      1.184
2024-07-03 07:25:40   26740.940  218.2616  22.6182    6889.1436  218.2719  22.6178    6889.2402  0.42      1.143
2024-07-03 07:29:00   26940.940  231.3674  19.3442    6888.1725  231.3771  19.3431    6888.2523  0.42      1.105
2024-07-03 07:32:20   27140.940  243.8957  15.1724    6887.3566  243.9050  15.1707    6887.4011  0.42      1.091
2024-07-03 07:35:40   27340.940  255.9065  10.3358    6886.7090  255.9154  10.3336    6886.7090  0.42      1.083
2024-07-03 07:39:00   27540.940  267.5407   5.0677    6886.2222  267.5495   5.0652    6886.1931  0.43      1.092
2024-07-03 07:42:20   27740.940  278.9851  -0.4056    6885.9225  278.9940  -0.4083    6885.8671  0.43      1.113
2024-07-03 07:45:40   27940.940  290.4456  -5.8629    6885.8274  290.4547  -5.8659    6885.7432  0.43      1.147
2024-07-03 07:49:00   28140.940  302.1266 -11.0828    6885.9379  302.1362 -11.0859    6885.8319  0.43      1.189
2024-07-03 07:52:20   28340.940  314.2102 -15.8376    6886.2624  314.2204 -15.8405    6886.1409  0.43      1.240
2024-07-03 07:55:40   28540.940  326.8278 -19.8926    6886.8083  326.8388 -19.8953    6886.6722  0.44      1.296
2024-07-03 07:59:00   28740.940  340.0239 -23.0159    6887.5547  340.0358 -23.0181    6887.4186  0.44      1.353
2024-07-03 08:02:20   28940.940  353.7216 -25.0009    6888.4946  353.7344 -25.0025    6888.3608  0.44      1.413
2024-07-03 08:05:40   29140.940    7.7149 -25.7009    6889.5892    7.7284 -25.7015    6889.4645  0.44      1.474
2024-07-03 08:09:00   29340.940   21.7105 -25.0613    6890.7922   21.7245 -25.0609    6890.6805  0.45      1.531
2024-07-03 08:12:20   29540.940   35.4139 -23.1345    6892.0344   35.4280 -23.1330    6891.9457  0.45      1.574
2024-07-03 08:15:40   29740.940   48.6155 -20.0654    6893.2556   48.6295 -20.0628    6893.1876  0.45      1.612
2024-07-03 08:19:00   29940.940   61.2346 -16.0592    6894.3746   61.2483 -16.0557    6894.3294  0.45      1.639
2024-07-03 08:22:20   30140.940   73.3122 -11.3466    6895.3146   73.3256 -11.3424    6895.2972  0.46      1.657
2024-07-03 08:25:40   30340.940   84.9773  -6.1607    6896.0143   84.9904  -6.1560    6896.0272  0.46      1.664
2024-07-03 08:29:00   30540.940   96.4103  -0.7272    6896.4326   96.4232  -0.7223    6896.4719  0.46      1.663
2024-07-03 08:32:20   30740.940  107.8149   4.7346    6896.5448  107.8278   4.7397    6896.6049  0.46      1.660
2024-07-03 08:35:40   30940.940  119.3973  10.0069    6896.3544  119.4103  10.0118    6896.4229  0.46      1.654
2024-07-03 08:39:00   31140.940  131.3463  14.8663    6895.8771  131.3597  14.8707    6895.9454  0.47      1.646
2024-07-03 08:42:20   31340.940  143.8078  19.0816    6895.1595  143.8216  19.0854    6895.2117  0.47      1.636
2024-07-03 08:45:40   31540.940  156.8501  22.4204    6894.2273  156.8644  22.4233    6894.2761  0.47      1.620
2024-07-03 08:49:00   31740.940  170.4274  24.6683    6893.1633  170.4420  24.6701    6893.2013  0.47      1.606
2024-07-03 08:52:20   31940.940  184.3632  25.6610    6892.0346  184.3778  25.6617    6892.0525  0.48      1.593
2024-07-03 08:55:40   32140.940  198.3791  25.3194    6890.8851  198.3937  25.3189    6890.8915  0.48      1.586
2024-07-03 08:59:00   32340.940  212.1732  23.6694    6889.7813  212.1875  23.6678    6889.7725  0.48      1.588
2024-07-03 09:02:20   32540.940  225.5102  20.8355    6888.7662  225.5242  20.8330    6888.7398  0.48      1.600
2024-07-03 09:05:40   32740.940  238.2779  17.0111    6887.8819  238.2916  17.0079    6887.8277  0.49      1.621
2024-07-03 09:09:00   32940.940  250.4911  12.4236    6887.1026  250.5045  12.4199    6887.0619  0.49      1.636
2024-07-03 09:12:20   33140.940  262.2615   7.3079    6886.5178  262.2747   7.3037    6886.4614  0.49      1.656
2024-07-03 09:15:40   33340.940  273.7604   1.8932    6886.0970  273.7737   1.8889    6886.0416  0.49      1.679
2024-07-03 09:19:00   33540.940  285.1885  -3.5976    6885.8677  285.2005  -3.6029    6885.8942 -0.49      1.567
2024-07-03 09:22:20   33740.940  296.7533  -8.9443    6885.8449  296.7654  -8.9492    6885.8574 -0.49      1.562
2024-07-03 09:25:40   33940.940  308.6489 -13.9219    6886.0295  308.6615 -13.9264    6886.0340 -0.49      1.565
2024-07-03 09:29:00   34140.940  321.0323 -18.2985    6886.4332  321.0454 -18.3023    6886.4304 -0.48      1.568
2024-07-03 09:32:20   34340.940  333.9888 -21.8388    6887.0588  334.0026 -21.8417    6887.0460 -0.48      1.573
2024-07-03 09:35:40   34540.940  347.4956 -24.3219    6887.8924  347.5099 -24.3238    6887.8689 -0.48      1.582
2024-07-03 09:39:00   34740.940    1.3986 -25.5716    6888.9032    1.4133 -25.5722    6888.8731 -0.48      1.594
2024-07-03 09:42:20   34940.940   15.4323 -25.4915    6890.0482   15.4470 -25.4908    6890.0175 -0.48      1.606
2024-07-03 09:45:40   35140.940   29.2907 -24.0894    6891.2743   29.3053 -24.0874    6891.2460 -0.47      1.623
2024-07-03 09:49:00   35340.940   42.7205 -21.4747    6892.5115   42.7347 -21.4716    6892.4906 -0.47      1.639
2024-07-03 09:52:20   35540.940   55.5850 -17.8322    6893.7049   55.5988 -17.8281    6893.6762 -0.47      1.659
2024-07-03 09:55:40   35740.940   67.8780 -13.3856    6894.7515   67.8913 -13.3806    6894.7271 -0.47      1.668
2024-07-03 09:59:00   35940.940   79.6961  -8.3688    6895.5976   79.7091  -8.3634    6895.5745 -0.46      1.683
2024-07-03 10:02:20   36140.940   91.2024  -3.0114    6896.1854   91.2153  -3.0056    6896.1628 -0.46      1.699
2024-07-03 10:05:40   36340.940  102.5938   2.4654    6896.4811  102.6068   2.4713    6896.4554 -0.46      1.718
2024-07-03 10:09:00   36540.940  114.0776   7.8439    6896.4618  114.0910   7.8496    6896.4379 -0.46      1.740
2024-07-03 10:12:20   36740.940  125.8526  12.9035    6896.1429  125.8666  12.9088    6896.1189 -0.45      1.766
2024-07-03 10:15:40   36940.940  138.0864  17.4162    6895.5443  138.1013  17.4208    6895.5280 -0.45      1.789
2024-07-03 10:19:00   37140.940  150.8843  21.1487    6894.7220  150.9000  21.1522    6894.7121 -0.45      1.816
2024-07-03 10:22:20   37340.940  164.2518  23.8758    6893.7347  164.2683  23.8779    6893.7289 -0.45      1.839
2024-07-03 10:25:40   37540.940  178.0666  25.4079    6892.6439  178.0837  25.4083    6892.6415 -0.45      1.860
2024-07-03 10:29:00   37740.940  192.0861  25.6266    6891.5124  192.1033  25.6253    6891.5117 -0.44      1.876
2024-07-03 10:32:20   37940.940  206.0066  24.5132    6890.4010  206.0235  24.5102    6890.3956 -0.44      1.883
2024-07-03 10:35:40   38140.940  219.5553  22.1534    6889.3432  219.5716  22.1491    6889.3407 -0.44      1.883
2024-07-03 10:39:00   38340.940  232.5655  18.7164    6888.3782  232.5809  18.7110    6888.3844 -0.44      1.879
2024-07-03 10:42:20   38540.940  245.0009  14.4192    6887.5408  245.0157  14.4130    6887.5552 -0.43      1.871
2024-07-03 10:45:40   38740.940  256.9376   9.4957    6886.8521  256.9518   9.4892    6886.8746 -0.43      1.859
2024-07-03 10:49:00   38940.940  268.5262   4.1784    6886.3221  268.5401   4.1718    6886.3596 -0.43      1.844
2024-07-03 10:52:20   39140.940  279.9584  -1.3077    6885.9792  279.9722  -1.3139    6886.0253 -0.43      1.821
2024-07-03 10:55:40   39340.940  291.4409  -6.7418    6885.8395  291.4549  -6.7476    6885.8854 -0.42      1.802
2024-07-03 10:59:00   39540.940  303.1764 -11.9018    6885.9005  303.1906 -11.9068    6885.9527 -0.42      1.782
2024-07-03 11:02:20   39740.940  315.3407 -16.5585    6886.1756  315.3554 -16.5625    6886.2369 -0.42      1.760
2024-07-03 11:05:40   39940.940  328.0537 -20.4769    6886.6733  328.0688 -20.4796    6886.7416 -0.42      1.737
2024-07-03 11:09:00   40140.940  341.3421 -23.4269    6887.3919  341.3576 -23.4283    6887.4611 -0.42      1.712
2024-07-03 11:12:20   40340.940  355.1072 -25.2092    6888.3123  355.1227 -25.2092    6888.3765 -0.41      1.689
2024-07-03 11:15:40   40540.940    9.1239 -25.6901    6889.3970    9.1392 -25.6886    6889.4539 -0.41      1.666
2024-07-03 11:19:00   40740.940   23.0922 -24.8323    6890.5958   23.1070 -24.8295    6890.6439 -0.41      1.642
2024-07-03 11:22:20   40940.940   36.7260 -22.7049    6891.8391   36.7400 -22.7011    6891.8836 -0.41      1.620
2024-07-03 11:25:40   41140.940   49.8352 -19.4656    6893.0606   49.8485 -19.4610    6893.1003 -0.40      1.606
2024-07-03 11:29:00   41340.940   62.3607 -15.3260    6894.1866   62.3734 -15.3208    6894.2180 -0.40      1.596
2024-07-03 11:32:20   41540.940   74.3606 -10.5185    6895.1438   74.3728 -10.5131    6895.1640 -0.40      1.591
2024-07-03 11:35:40   41740.940   85.9748  -5.2755    6895.8652   85.9868  -5.2700    6895.8762 -0.40      1.589
2024-07-03 11:39:00   41940.940   97.3893   0.1784    6896.3108   97.4013   0.1838    6896.3089 -0.39      1.592
2024-07-03 11:42:20   42140.940  108.8095   5.6248    6896.4557  108.8219   5.6299    6896.4376 -0.39      1.608
2024-07-03 11:45:40   42340.940  120.4403  10.8452    6896.2838  120.4532  10.8497    6896.2607 -0.39      1.624
2024-07-03 11:49:00   42540.940  132.4654  15.6147    6895.8285  132.4791  15.6185    6895.7983 -0.39      1.645
2024-07-03 11:52:20   42740.940  145.0205  19.7015    6895.1334  145.0350  19.7041    6895.0899 -0.39      1.679
2024-07-03 11:55:40   42940.940  158.1573  22.8742    6894.2209  158.1726  22.8756    6894.1885 -0.38      1.700
2024-07-03 11:59:00   43140.940  171.8087  24.9245    6893.1820  171.8246  24.9244    6893.1546 -0.38      1.731
2024-07-03 12:02:20   43340.940  185.7779  25.7000    6892.0631  185.7940  25.6982    6892.0505 -0.38      1.758
2024-07-03 12:05:40   43540.940  199.7764  25.1380    6890.9576  199.7925  25.1347    6890.9344 -0.38      1.798
2024-07-03 12:09:00   43740.940  213.5075  23.2822    6889.8851  213.5232  23.2774    6889.8570 -0.37      1.823
2024-07-03 12:12:20   43940.940  226.7541  20.2706    6888.8774  226.7690  20.2647    6888.8594 -0.37      1.831
2024-07-03 12:15:40   44140.940  239.4258  16.3045    6887.9708  239.4399  16.2978    6887.9737 -0.37      1.812
2024-07-03 12:19:00   44340.940  251.5556  11.6138    6887.1719  251.5690  11.6069    6887.2238 -0.37      1.782
2024-07-03 12:22:20   44540.940  263.2678   6.4332    6886.5864  263.2807   6.4263    6886.6287 -0.36      1.759
2024-07-03 12:25:40   44740.940  274.7402   0.9905    6886.1502  274.7530   0.9840    6886.2044 -0.36      1.733
2024-07-03 12:29:00   44940.940  286.1761  -4.4923    6885.8981  286.1891  -4.4982    6885.9658 -0.36      1.702
2024-07-03 12:32:20   45140.940  297.7823  -9.7945    6885.8494  297.7955  -9.7994    6885.9269 -0.36      1.671
2024-07-03 12:35:40   45340.940  309.7488 -14.6902    6886.0060  309.7624 -14.6938    6886.0999 -0.36      1.636
2024-07-03 12:39:00   45540.940  322.2232 -18.9460    6886.3919  322.2371 -18.9482    6886.4925 -0.35      1.605
2024-07-03 12:42:20   45740.940  335.2758 -22.3276    6887.0015  335.2899 -22.3282    6887.1041 -0.35      1.574
2024-07-03 12:45:40   45940.940  348.8628 -24.6188    6887.8228  348.8768 -24.6179    6887.9227 -0.35      1.542
2024-07-03 12:49:00   46140.940    2.8089 -25.6540    6888.8268    2.8225 -25.6516    6888.9217 -0.35      1.510
2024-07-03 12:52:20   46340.940   16.8358 -25.3528    6889.9747   16.8488 -25.3492    6890.0589 -0.34      1.479
2024-07-03 12:55:40   46540.940   30.6399 -23.7408    6891.2006   30.6520 -23.7361    6891.2771 -0.34      1.447
2024-07-03 12:59:00   46740.940   43.9836 -20.9421    6892.4471   43.9948 -20.9368    6892.5077 -0.34      1.416
2024-07-03 13:02:20   46940.940   56.7522 -17.1504    6893.6303   56.7627 -17.1447    6893.6755 -0.34      1.389
2024-07-03 13:05:40   47140.940   68.9586 -12.5928    6894.6741   68.9687 -12.5870    6894.7055 -0.33      1.374
2024-07-03 13:09:00   47340.940   80.7133  -7.5035    6895.5124   80.7232  -7.4978    6895.5300 -0.33      1.367
2024-07-03 13:12:20   47540.940   92.1869  -2.1104    6896.0945   92.1969  -2.1050    6896.0956 -0.33      1.367
2024-07-03 13:15:40   47740.940  103.5794   3.3660    6896.3744  103.5898   3.3708    6896.3680 -0.33      1.371
2024-07-03 13:19:00   47940.940  115.0982   8.7080    6896.3674  115.1091   8.7121    6896.3352 -0.33      1.392
2024-07-03 13:22:20   48140.940  126.9388  13.6938    6896.0366  126.9504  13.6970    6896.0076 -0.32      1.412
2024-07-03 13:25:40   48340.940  139.2606  18.0943    6895.4499  139.2730  18.0964    6895.4162 -0.32      1.438
2024-07-03 13:29:00   48540.940  152.1555  21.6762    6894.6561  152.1684  21.6769    6894.6081 -0.32      1.451
2024-07-03 13:32:20   48740.940  165.6087  24.2178    6893.6600  165.6222  24.2170    6893.6406 -0.32      1.484
2024-07-03 13:35:40   48940.940  179.4766  25.5389    6892.5780  179.4903  25.5366    6892.5749 -0.31      1.510
2024-07-03 13:39:00   49140.940  193.5007  25.5361    6891.4583  193.5142  25.5324    6891.4708 -0.31      1.530
2024-07-03 13:42:20   49340.940  207.3761  24.2085    6890.3493  207.3891  24.2034    6890.3817 -0.31      1.547
2024-07-03 13:45:40   49540.940  220.8435  21.6577    6889.3154  220.8557  21.6515    6889.3524 -0.31      1.557
2024-07-03 13:49:00   49740.940  233.7573  18.0630    6888.3830  233.7688  18.0562    6888.4182 -0.30      1.550
2024-07-03 13:52:20   49940.940  246.1022  13.6463    6887.5838  246.1131  13.6392    6887.6063 -0.30      1.540
2024-07-03 13:55:40   50140.940  257.9693   8.6420    6886.8714  257.9796   8.6350    6886.9374 -0.30      1.485
2024-07-03 13:59:00   50340.940  269.5178   3.2813    6886.3415  269.5278   3.2748    6886.4288 -0.30      1.438
2024-07-03 14:02:20   50540.940  280.9435  -2.2116    6885.9941  280.9534  -2.2173    6886.0963 -0.30      1.383
2024-07-03 14:05:40   50740.940  292.4539  -7.6165    6885.8345  292.4639  -7.6211    6885.9552 -0.29      1.321
2024-07-03 14:09:00   50940.940  304.2489 -12.7101    6885.8799  304.2590 -12.7134    6886.0194 -0.29      1.263
2024-07-03 14:12:20   51140.940  316.4975 -17.2621    6886.1419  316.5077 -17.2640    6886.2997 -0.29      1.204
2024-07-03 14:15:40   51340.940  329.3070 -21.0369    6886.6253  329.3171 -21.0372    6886.8005 -0.29      1.150
2024-07-03 14:19:00   51540.940  342.6851 -23.8075    6887.3270  342.6949 -23.8063    6887.5160 -0.28      1.097
2024-07-03 14:22:20   51740.940  356.5111 -25.3827    6888.2365  356.5201 -25.3800    6888.4268 -0.28      1.045
2024-07-03 14:25:40   51940.940   10.5427 -25.6426    6889.3299   10.5507 -25.6389    6889.4981 -0.28      0.988
2024-07-03 14:29:00   52140.940   24.4751 -24.5679    6890.5107   24.4819 -24.5634    6890.6794 -0.28      0.933
2024-07-03 14:32:20   52340.940   38.0333 -22.2440    6891.7603   38.0390 -22.2391    6891.9068 -0.27      0.873
2024-07-03 14:35:40   52540.940   51.0479 -18.8400    6892.9916   51.0526 -18.8350    6893.1075 -0.27      0.813
2024-07-03 14:39:00   52740.940   63.4808 -14.5732    6894.1217   63.4849 -14.5685    6894.2056 -0.27      0.754
2024-07-03 14:42:20   52940.940   75.4063  -9.6772    6895.0734   75.4102  -9.6729    6895.1295 -0.27      0.701
2024-07-03 14:45:40   53140.940   86.9743  -4.3834    6895.7942   86.9782  -4.3795    6895.8188 -0.26      0.663
2024-07-03 14:49:00   53340.940   98.3756   1.0849    6896.2317   98.3798   1.0883    6896.2302 -0.26      0.648
2024-07-03 14:52:20   53540.940  109.8168   6.5097    6896.3766  109.8216   6.5124    6896.3414 -0.26      0.658
2024-07-03 14:55:40   53740.940  121.5010  11.6716    6896.2186  121.5065  11.6736    6896.1529 -0.26      0.691
2024-07-03 14:59:00   53940.940  133.6060  16.3447    6895.7778  133.6123  16.3459    6895.6866 -0.26      0.746
2024-07-03 15:02:20   54140.940  146.2563  20.2962    6895.0917  146.2634  20.2964    6894.9826 -0.25      0.808
2024-07-03 15:05:40   54340.940  159.4860  23.2969    6894.2137  159.4938  23.2960    6894.0936 -0.25      0.879
2024-07-03 15:09:00   54540.940  173.2063  25.1450    6893.1899  173.2146  25.1429    6893.0791 -0.25      0.947
2024-07-03 15:12:20   54740.940  187.2011  25.7010    6892.0971  187.2097  25.6977    6891.9992 -0.25      1.013
2024-07-03 15:15:40   54940.940  201.1742  24.9195    6890.9840  201.1827  24.9151    6890.9096 -0.24      1.071
2024-07-03 15:19:00   55140.940  214.8364  22.8612    6889.9112  214.8447  22.8558    6889.8585 -0.24      1.118
2024-07-03 15:22:20   55340.940  227.9898  19.6770    6888.9117  227.9977  19.6710    6888.8846 -0.24      1.154
2024-07-03 15:25:40   55540.940  240.5659  15.5754    6888.0145  240.5735  15.5689    6888.0181 -0.24      1.173
2024-07-03 15:29:00   55740.940  252.6156  10.7881    6887.2490  252.6229  10.7816    6887.2821 -0.23      1.171
2024-07-03 15:32:20   55940.940  264.2742   5.5489    6886.6443  264.2814   5.5426    6886.6954 -0.23      1.148
2024-07-03 15:35:40   56140.940  275.7259   0.0845    6886.1969  275.7330   0.0788    6886.2745 -0.23      1.102
2024-07-03 15:39:00   56340.940  287.1756  -5.3838    6885.9255  287.1826  -5.3887    6886.0356 -0.23      1.040
2024-07-03 15:42:20   56540.940  298.8288 -10.6347    6885.8489  298.8358 -10.6387    6885.9942 -0.23      0.967
2024-07-03 15:45:40   56740.940  310.8706 -15.4413    6885.9846  310.8775 -15.4440    6886.1635 -0.22      0.889
2024-07-03 15:49:00   56940.940  323.4385 -19.5691    6886.3466  323.4452 -19.5705    6886.5522 -0.22      0.806
2024-07-03 15:52:20   57140.940  336.5864 -22.7851    6886.9288  336.5925 -22.7852    6887.1599 -0.22      0.722
2024-07-03 15:55:40   57340.940  350.2489 -24.8788    6887.7243  350.2543 -24.8778    6887.9743 -0.22      0.644
2024-07-03 15:59:00   57540.940    4.2305 -25.6965    6888.7059    4.2347 -25.6945    6888.9681 -0.21      0.573
2024-07-03 16:02:20   57740.940   18.2421 -25.1743    6889.8407   18.2450 -25.1718    6890.0979 -0.21      0.510
2024-07-03 16:05:40   57940.940   31.9849 -23.3553    6891.0640   31.9865 -23.3525    6891.3057 -0.21      0.454
2024-07-03 16:09:00   58140.940   45.2392 -20.3777    6892.3089   45.2396 -20.3748    6892.5220 -0.21      0.404
2024-07-03 16:12:20   58340.940   57.9120 -16.4429    6893.4931   57.9117 -16.4403    6893.6718 -0.20      0.360
2024-07-03 16:15:40   58540.940   70.0351 -11.7810    6894.5506   70.0342 -11.7787    6894.6807 -0.20      0.315
2024-07-03 16:19:00   58740.940   81.7313  -6.6255    6895.4041   81.7302  -6.6237    6895.4827 -0.20      0.267
2024-07-03 16:22:20   58940.940   93.1779  -1.2034    6895.9998   93.1768  -1.2020    6896.0261 -0.20      0.217
2024-07-03 16:25:40   59140.940  104.5776   4.2659    6896.3017  104.5767   4.2669    6896.2792 -0.20      0.166
2024-07-03 16:29:00   59340.940  116.1371   9.5643    6896.2896  116.1366   9.5650    6896.2322 -0.19      0.119
2024-07-03 16:32:20   59540.940  128.0476  14.4690    6896.0052  128.0478  14.4695    6895.8973 -0.19      0.124
2024-07-03 16:35:40   59740.940  140.4601  18.7497    6895.4593  140.4611  18.7499    6895.3069 -0.19      0.189
2024-07-03 16:39:00   59940.940  153.4509  22.1736    6894.6849  153.4528  22.1733    6894.5079 -0.19      0.272
2024-07-03 16:42:20   60140.940  166.9854  24.5237    6893.7664  166.9881  24.5228    6893.5570 -0.18      0.380
2024-07-03 16:45:40   60340.940  180.8980  25.6301    6892.7282  180.9016  25.6286    6892.5137 -0.18      0.477
2024-07-03 16:49:00   60540.940  194.9173  25.4054    6891.6445  194.9213  25.4031    6891.4354 -0.18      0.556
2024-07-03 16:52:20   60740.940  208.7390  23.8662    6890.5620  208.7436  23.8631    6890.3728 -0.18      0.656
2024-07-03 16:55:40   60940.940  222.1200  21.1293    6889.5268  222.1249  21.1255    6889.3683 -0.17      0.733
2024-07-03 16:59:00   61140.940  234.9363  17.3835    6888.5755  234.9414  17.3790    6888.4552 -0.17      0.804
2024-07-03 17:02:20   61340.940  247.1925  12.8542    6887.7371  247.1978  12.8493    6887.6592 -0.17      0.857
2024-07-03 17:05:40   61540.940  258.9935   7.7761    6887.0328  258.9990   7.7710    6887.0007 -0.17      0.895
2024-07-03 17:09:00   61740.940  270.5069   2.3792    6886.4862  270.5125   2.3741    6886.4974 -0.17      0.907
2024-07-03 17:12:20   61940.940  281.9316  -3.1137    6886.1186  281.9373  -3.1185    6886.1660 -0.16      0.896
2024-07-03 17:15:40   62140.940  293.4753  -8.4822    6885.9346  293.4811  -8.4865    6886.0229 -0.16      0.864
2024-07-03 17:19:00   62340.940  305.3345 -13.5021    6885.9621  305.3403 -13.5056    6886.0837 -0.16      0.808
2024-07-03 17:22:20   62540.940  317.6703 -17.9418    6886.2003  317.6760 -17.9445    6886.3601 -0.16      0.747
2024-07-03 17:25:40   62740.940  330.5762 -21.5658    6886.6605  330.5816 -21.5676    6886.8571 -0.15      0.671
2024-07-03 17:29:00   62940.940  344.0404 -24.1508    6887.3464  344.0451 -24.1518    6887.5687 -0.15      0.582
2024-07-03 17:32:20   63140.940  357.9200 -25.5148    6888.2368  357.9239 -25.5151    6888.4749 -0.15      0.490
2024-07-03 17:35:40   63340.940   11.9571 -25.5530    6889.2868   11.9600 -25.5528    6889.5400 -0.15      0.402
2024-07-03 17:39:00   63540.940   25.8453 -24.2636    6890.4577   25.8470 -24.2631    6890.7124 -0.14      0.324
2024-07-03 17:42:20   63740.940   39.3228 -21.7480    6891.6881   39.3235 -21.7475    6891.9273 -0.14      0.260
2024-07-03 17:45:40   63940.940   52.2415 -18.1859    6892.8951   52.2413 -18.1854    6893.1117 -0.14      0.225
2024-07-03 17:49:00   64140.940   64.5840 -13.7990    6894.0064   64.5831 -13.7988    6894.1901 -0.14      0.214
2024-07-03 17:52:20   64340.940   76.4397  -8.8217    6894.9599   76.4383  -8.8216    6895.0921 -0.14      0.212
2024-07-03 17:55:40   64540.940   87.9673  -3.4840    6895.6719   87.9656  -3.4841    6895.7589 -0.13      0.223
2024-07-03 17:59:00   64740.940   99.3617   1.9919    6896.1169   99.3598   1.9917    6896.1496 -0.13      0.225
2024-07-03 18:02:20   64940.940  110.8303   7.3880    6896.2656  110.8285   7.3879    6896.2443 -0.13      0.221
2024-07-03 18:05:40   65140.940  122.5734  12.4844    6896.1136  122.5718  12.4844    6896.0455 -0.13      0.203
2024-07-03 18:09:00   65340.940  134.7623  17.0536    6895.6860  134.7610  17.0538    6895.5767 -0.12      0.183
2024-07-03 18:12:20   65540.940  147.5089  20.8624    6895.0345  147.5083  20.8629    6894.8784 -0.12      0.180
2024-07-03 18:15:40   65740.940  160.8290  23.6844    6894.1947  160.8292  23.6849    6894.0030 -0.12      0.204
2024-07-03 18:19:00   65940.940  174.6116  25.3256    6893.2282  174.6128  25.3261    6893.0087 -0.12      0.258
2024-07-03 18:22:20   66140.940  188.6230  25.6605    6892.1929  188.6251  25.6606    6891.9533 -0.11      0.335
2024-07-03 18:25:40   66340.940  202.5615  24.6610    6891.1313  202.5646  24.6606    6890.8901 -0.11      0.418
2024-07-03 18:29:00   66540.940  216.1485  22.4045    6890.0975  216.1524  22.4035    6889.8647 -0.11      0.502
2024-07-03 18:32:20   66740.940  229.2063  19.0540    6889.1237  229.2108  19.0523    6888.9134 -0.11      0.586
2024-07-03 18:35:40   66940.940  241.6880  14.8238    6888.2409  241.6929  14.8213    6888.0649 -0.11      0.666
2024-07-03 18:39:00   67140.940  253.6612   9.9469    6887.4696  253.6663   9.9438    6887.3414 -0.10      0.726
2024-07-03 18:42:20   67340.940  265.2713   4.6562    6886.8347  265.2767   4.6526    6886.7618 -0.10      0.779
2024-07-03 18:45:40   67540.940  276.7075  -0.8229    6886.3674  276.7132  -0.8267    6886.3435 -0.10      0.817
2024-07-03 18:49:00   67740.940  288.1762  -6.2698    6886.0824  288.1821  -6.2736    6886.1037 -0.10      0.834
2024-07-03 18:52:20   67940.940  299.8811 -11.4626    6885.9940  299.8871 -11.4661    6886.0592 -0.09      0.828
2024-07-03 18:55:40   68140.940  312.0015 -16.1729    6886.1246  312.0076 -16.1760    6886.2248 -0.09      0.802
2024-07-03 18:59:00   68340.940  324.6636 -20.1658    6886.4913  324.6697 -20.1683    6886.6095 -0.09      0.761
2024-07-03 19:02:20   68540.940  337.9040 -23.2099    6887.0785  337.9099 -23.2118    6887.2134 -0.09      0.708
2024-07-03 19:05:40   68740.940  351.6355 -25.1017    6887.8780  351.6411 -25.1030    6888.0238 -0.08      0.647
2024-07-03 19:09:00   68940.940    5.6432 -25.7001    6888.8670    5.6483 -25.7009    6889.0123 -0.08      0.581
2024-07-03 19:12:20   69140.940   19.6298 -24.9585    6889.9859   19.6343 -24.9589    6890.1346 -0.08      0.514
2024-07-03 19:15:40   69340.940   33.3043 -22.9369    6891.1899   33.3081 -22.9371    6891.3316 -0.08      0.448
2024-07-03 19:19:00   69540.940   46.4657 -19.7866    6892.4027   46.4690 -19.7867    6892.5335 -0.08      0.389
2024-07-03 19:22:20   69740.940   59.0434 -15.7160    6893.5489   59.0461 -15.7160    6893.6650 -0.07      0.337
2024-07-03 19:25:40   69940.940   71.0863 -10.9568    6894.5566   71.0886 -10.9568    6894.6529 -0.07      0.291
2024-07-03 19:29:00   70140.940   82.7288  -5.7422    6895.3650   82.7309  -5.7422    6895.4325 -0.07      0.255
2024-07-03 19:32:20   70340.940   94.1541  -0.2975    6895.9212   94.1559  -0.2974    6895.9544 -0.07      0.228
2024-07-03 19:35:40   70540.940  105.5667   5.1584    6896.1816  105.5685   5.1586    6896.1891 -0.06      0.219
2024-07-03 19:39:00   70740.940  117.1724  10.4071    6896.1492  117.1742  10.4075    6896.1291 -0.06      0.226
2024-07-03 19:42:20   70940.940  129.1575  15.2245    6895.8391  129.1595  15.2252    6895.7884 -0.06      0.253
2024-07-03 19:45:40   71140.940  141.6632  19.3793    6895.2768  141.6656  19.3801    6895.2002 -0.06      0.292
2024-07-03 19:49:00   71340.940  154.7499  22.6394    6894.5001  154.7527  22.6404    6894.4117 -0.05      0.346
2024-07-03 19:52:20   71540.940  168.3616  24.7935    6893.5921  168.3650  24.7946    6893.4783 -0.05      0.415
2024-07-03 19:55:40   71740.940  182.3121  25.6831    6892.5846  182.3163  25.6841    6892.4579 -0.05      0.483
2024-07-03 19:59:00   71940.940  196.3185  25.2371    6891.5394  196.3233  25.2378    6891.4053 -0.05      0.547
2024-07-03 20:02:20   72140.940  210.0809  23.4898    6890.5045  210.0863  23.4900    6890.3688 -0.05      0.608
2024-07-03 20:05:40   72340.940  223.3729  20.5722    6889.5194  223.3787  20.5718    6889.3883 -0.04      0.665
2024-07-03 20:09:00   72540.940  236.0928  16.6815    6888.6268  236.0988  16.6804    6888.4951 -0.04      0.719
2024-07-03 20:12:20   72740.940  248.2640  12.0461    6887.8241  248.2702  12.0444    6887.7138 -0.04      0.766
2024-07-03 20:15:40   72940.940  260.0045   6.9004    6887.1421  260.0108   6.8983    6887.0644 -0.04      0.797
2024-07-03 20:19:00   73140.940  271.4886   1.4731    6886.6219  271.4950   1.4706    6886.5652 -0.03      0.832
2024-07-03 20:22:20   73340.940  282.9183  -4.0137    6886.2557  282.9248  -4.0165    6886.2340 -0.03      0.852
2024-07-03 20:25:40   73540.940  294.5006  -9.3396    6886.0781  294.5073  -9.3425    6886.0886 -0.03      0.866
2024-07-03 20:29:00   73740.940  306.4281 -14.2795    6886.1105  306.4349 -14.2823    6886.1457 -0.03      0.869
2024-07-03 20:32:20   73940.940  318.8532 -18.6006    6886.3609  318.8603 -18.6031    6886.4182 -0.02      0.864
2024-07-03 20:35:40   74140.940  331.8547 -22.0681    6886.8411  331.8620 -22.0700    6886.9114 -0.02      0.848
2024-07-03 20:39:00   74340.940  345.4001 -24.4629    6887.5464  345.4075 -24.4641    6887.6191 -0.02      0.825
2024-07-03 20:42:20   74540.940  359.3254 -25.6133    6888.4504  359.3327 -25.6139    6888.5208 -0.02      0.798
2024-07-03 20:45:40   74740.940   13.3587 -25.4303    6889.5122   13.3658 -25.4303    6889.5796 -0.01      0.768
2024-07-03 20:49:00   74940.940   27.1948 -23.9296    6890.6881   27.2014 -23.9292    6890.7428 -0.01      0.737
2024-07-03 20:52:20   75140.940   40.5869 -21.2279    6891.9009   40.5932 -21.2272    6891.9451 -0.01      0.712
2024-07-03 20:55:40   75340.940   53.4088 -17.5141    6893.0786   53.4147 -17.5132    6893.1130 -0.01      0.690
2024-07-03 20:59:00   75540.940   65.6628 -13.0139    6894.1411   65.6685 -13.0128    6894.1716 -0.01      0.675
2024-07-03 21:02:20   75740.940   77.4525  -7.9615    6895.0226   77.4579  -7.9603    6895.0517 -0.00      0.666
2024-07-03 21:05:40   75940.940   88.9444  -2.5858    6895.6798   88.9498  -2.5846    6895.6965 -0.00      0.660
2024-07-03 21:09:00   76140.940  100.3371   2.8920    6896.0515  100.3424   2.8933    6896.0673  0.00      0.658
2024-07-03 21:12:20   76340.940  111.8380   8.2543    6896.1307  111.8434   8.2555    6896.1467  0.00      0.661
2024-07-03 21:15:40   76540.940  123.6443  13.2798    6895.9312  123.6498  13.2810    6895.9390  0.01      0.665
2024-07-03 21:19:00   76740.940  135.9199  17.7400    6895.4726  135.9257  17.7412    6895.4690  0.01      0.671
2024-07-03 21:22:20   76940.940  148.7636  21.4015    6894.7910  148.7696  21.4025    6894.7777  0.01      0.679
2024-07-03 21:25:40   77140.940  162.1716  24.0408    6893.9289  162.1778  24.0416    6893.9170  0.01      0.692
2024-07-03 21:29:00   77340.940  176.0112  25.4729    6892.9583  176.0177  25.4735    6892.9434  0.02      0.712
2024-07-03 21:32:20   77540.940  190.0321  25.5866    6891.9342  190.0389  25.5869    6891.9128  0.02      0.738
2024-07-03 21:35:40   77740.940  203.9301  24.3717    6890.9110  203.9370  24.3716    6890.8758  0.02      0.763
2024-07-03 21:39:00   77940.940  217.4386  21.9216    6889.9179  217.4457  21.9211    6889.8752  0.02      0.790
2024-07-03 21:42:20   78140.940  230.4012  18.4105    6888.9937  230.4083  18.4095    6888.9456  0.02      0.814
2024-07-03 21:45:40   78340.940  242.7917  14.0574    6888.1765  242.7987  14.0560    6888.1138  0.03      0.836
2024-07-03 21:49:00   78540.940  254.6932   9.0965    6887.4532  254.7001   9.0948    6887.4016  0.03      0.854
2024-07-03 21:52:20   78740.940  266.2605   3.7593    6886.9368  266.2676   3.7574    6886.8280  0.03      0.880
2024-07-03 21:55:40   78940.940  277.6875  -1.7293    6886.4530  277.6946  -1.7316    6886.4172 -0.03      0.903
2024-07-03 21:59:00   79140.940  289.1811  -7.1494    6886.1959  289.1884  -7.1519    6886.1757 -0.03      0.915
2024-07-03 22:02:20   79340.940  300.9427 -12.2784    6886.1402  300.9502 -12.2808    6886.1275 -0.03      0.925
2024-07-03 22:05:40   79540.940  313.1451 -16.8866    6886.2955  313.1529 -16.8888    6886.2885 -0.03      0.934
2024-07-03 22:09:00   79740.940  325.9026 -20.7387    6886.6688  325.9107 -20.7405    6886.6685 -0.02      0.942
2024-07-03 22:12:20   79940.940  339.2330 -23.6059    6887.2618  339.2415 -23.6072    6887.2677 -0.02      0.949
2024-07-03 22:15:40   80140.940  353.0275 -25.2926    6888.0549  353.0363 -25.2931    6888.0727 -0.02      0.956
2024-07-03 22:19:00   80340.940    7.0531 -25.6710    6889.0446    7.0619 -25.6708    6889.0546 -0.02      0.960
2024-07-03 22:22:20   80540.940   21.0069 -24.7121    6890.1588   21.0156 -24.7111    6890.1679 -0.01      0.961
2024-07-03 22:25:40   80740.940   34.6077 -22.4925    6891.3497   34.6162 -22.4909    6891.3526 -0.01      0.960
2024-07-03 22:29:00   80940.940   47.6748 -19.1753    6892.5372   47.6829 -19.1733    6892.5386 -0.01      0.955
2024-07-03 22:32:20   81140.940   60.1586 -14.9750    6893.6511   60.1664 -14.9727    6893.6507 -0.01      0.950
2024-07-03 22:35:40   81340.940   72.1251 -10.1248    6894.6114   72.1326 -10.1222    6894.6167 -0.00      0.944
2024-07-03 22:39:00   81540.940   83.7187  -4.8566    6895.3635   83.7261  -4.8540    6895.3737 -0.00      0.940
2024-07-03 22:42:20   81740.940   95.1279   0.6054    6895.8866   95.1353   0.6079    6895.8745  0.00      0.941
2024-07-03 22:45:40   81940.940  106.5587   6.0426    6896.0745  106.5662   6.0451    6896.0918  0.00      0.941
2024-07-03 22:49:00   82140.940  118.2152  11.2364    6895.9949  118.2228  11.2386    6896.0203  0.00      0.936
2024-07-03 22:52:20   82340.940  130.2785  15.9612    6895.6348  130.2862  15.9631    6895.6757  0.01      0.929
2024-07-03 22:55:40   82540.940  142.8788  19.9846    6895.0500  142.8868  19.9862    6895.0920  0.01      0.923
2024-07-03 22:59:00   82740.940  156.0596  23.0765    6894.2729  156.0678  23.0775    6894.3161  0.01      0.918
2024-07-03 23:02:20   82940.940  169.7436  25.0315    6893.3597  169.7520  25.0319    6893.4023  0.01      0.911
2024-07-03 23:05:40   83140.940  183.7249  25.7033    6892.3626  183.7332  25.7032    6892.4064  0.02      0.904
2024-07-03 23:09:00   83340.940  197.7108  25.0375    6891.3445  197.7191  25.0369    6891.3809  0.02      0.902
2024-07-03 23:12:20   83540.940  211.4083  23.0860    6890.3490  211.4165  23.0849    6890.3713  0.02      0.911
2024-07-03 23:15:40   83740.940  224.6093  19.9930    6889.4084  224.6172  19.9915    6889.4151  0.02      0.916
2024-07-03 23:19:00   83940.940  237.2339  15.9633    6888.5546  237.2416  15.9614    6888.5417  0.03      0.925
2024-07-03 23:22:20   84140.940  249.3237  11.2277    6887.8014  249.3313  11.2255    6887.7746  0.03      0.934
2024-07-03 23:25:40   84340.940  261.0084   6.0201    6887.1758  261.0160   6.0176    6887.1339  0.03      0.953
2024-07-03 23:29:00   84540.940  272.4688   0.5678    6886.6947  272.4765   0.5652    6886.6381  0.03      0.977
2024-07-03 23:32:20   84740.940  283.9090  -4.9077    6886.3729  283.9168  -4.9104    6886.3064  0.03      1.001
2024-07-03 23:35:40   84940.940  295.5351 -10.1857    6886.2266  295.5433 -10.1884    6886.1578  0.04      1.028
2024-07-03 23:39:00   85140.940  307.5350 -15.0399    6886.2799  307.5437 -15.0425    6886.2106  0.04      1.058
2024-07-03 23:42:20   85340.940  320.0517 -19.2366    6886.5439  320.0610 -19.2387    6886.4784  0.04      1.089
2024-07-03 23:45:40   85540.940  333.1481 -22.5418    6887.0264  333.1580 -22.5434    6886.9668  0.04      1.120
2024-07-03 23:49:00   85740.940  346.7705 -24.7419    6887.7222  346.7810 -24.7428    6887.6697  0.05      1.150
2024-07-03 23:52:20   85940.940    0.7343 -25.6767    6888.6058    0.7451 -25.6765    6888.5656  0.05      1.176
2024-07-03 23:55:40   86140.940   14.7558 -25.2732    6889.6415   14.7668 -25.2720    6889.6166  0.05      1.200
2024-07-03 23:59:00   86340.940   28.5334 -23.5648    6890.7793   28.5442 -23.5626    6890.7692  0.05      1.218
